0
0
0
2
3
3
0
0
0
0
0
0
0
0
0
0
0
0
0
0
0
0
0
0
0
0
0
0
0
0
0
0
0
0
0
0
0
0
0
0
0
0
0
0
0
0
0
0
0
0
0
0
0
0
0
3
1
0
0
4
5
37
105
182
292
379
406
382
329
283
249
220
214
236
276
288
291
291
273
263
247
256
263
289
344
399
430
419
343
215
125
78
24
10
10
9
8
3
0
0
0
0
0
0
0
0
3
4
3
0
0
0
0
0
0
3
2
0
0
0
0
0
0
0
0
0
0
0
0
3
0
0
0
0
0
0
0
0
3
4
2
0
0
0
0
0
0
0
0
0
0
0
0
0
0
0
0
0
0
0
0
0
0
0
0
0
6
34
124
162
204
200
186
151
129
110
100
88
84
77
80
80
86
93
93
84
80
86
91
93
92
94
93
86
81
80
80
75
77
87
92
97
97
98
106
127
173
212
213
193
89
26
2
0
0
0
0
0
0
0
0
0
0
0
0
0
0
0
0
0
0
0
0
0
0
0
0
0
0
0
0
0
0
0
0
0
0
0
0
0
0
0
0
0
0
0
0
0
0
0
0
0
0
0
0
0
0
0
0
0
0
0
0
10
67
169
239
322
378
336
287
256
214
187
181
182
177
179
185
189
185
197
183
179
176
179
192
236
277
309
309
258
215
150
83
52
20
11
10
10
9
5
0
0
0
0
0
0
0
0
0
14
57
144
182
242
220
188
149
130
126
130
135
144
153
155
149
141
136
134
139
141
155
179
233
259
279
231
113
73
18
6
7
5
0
0
0
0
0
0
0
0
0
0
2
4
4
3
0
0
0
0
0
0
0
0
0
0
0
0
0
0
0
0
0
0
0
0
0
0
0
0
0
0
0
0
0
0
0
0
0
0
0
0
0
0
0
0
0
0
0
0
0
0
15
23
32
35
26
25
29
58
95
104
105
83
73
64
62
61
67
71
67
64
64
78
104
120
118
87
27
4
0
0
0
0
0
0
0
0
0
0
0
0
0
0
0
0
0
0
0
0
0
0
0
1
7
28
33
49
92
119
129
120
108
97
102
183
278
328
355
321
291
263
265
234
242
239
243
243
284
325
373
378
276
128
53
31
25
26
29
32
25
12
2
0
0
0
0
0
0
0
0
0
0
10
29
51
58
54
45
38
40
42
77
190
293
369
388
346
301
277
270
264
274
277
281
303
355
393
409
347
191
101
76
27
22
24
25
32
31
28
14
0
0
0
0
0
0
0
0
9
27
35
42
48
45
42
38
33
30
35
69
113
183
218
216
169
152
144
146
157
155
152
166
193
213
220
175
102
46
18
3
8
8
7
5
4
0
0
0
0
0
0
0
0
0
2
19
35
75
98
94
85
88
68
68
71
104
221
305
352
324
268
243
233
237
250
251
239
248
276
321
371
402
323
151
76
52
40
38
34
42
46
44
28
17
2
0
0
0
0
0
0
2
10
34
48
53
72
68
62
51
41
46
54
75
173
264
313
315
309
291
271
237
233
233
236
253
284
341
386
386
246
107
63
11
6
4
0
0
0
0
0
0
0
0
0
0
0
0
0
0
20
45
51
62
63
74
67
69
63
65
188
295
352
333
274
239
222
229
235
242
248
247
259
309
356
404
382
158
70
19
12
11
7
8
7
6
4
0
0
0
0
0
0
0
0
0
4
12
26
43
54
47
47
40
37
41
49
143
290
367
406
372
325
305
283
245
244
235
238
246
282
361
401
399
260
93
53
20
9
7
8
8
8
6
3
0
0
0
0
0
0
0
0
0
1
15
33
46
52
46
40
33
36
39
78
224
330
363
338
277
264
253
246
244
247
249
243
275
345
398
372
216
92
73
34
10
10
7
8
15
14
8
0
0
0
0
0
0
0
0
0
13
42
79
116
127
117
83
77
72
68
147
265
303
302
259
209
195
191
191
207
204
204
244
315
377
399
298
92
30
18
8
7
6
8
9
9
5
0
0
0
0
0
0
0
0
0
0
0
0
6
9
14
16
13
8
8
8
7
7
55
76
67
54
49
48
45
44
45
44
43
41
52
62
66
59
28
4
4
5
5
5
8
10
9
9
8
6
2
0
0
0
0
0
7
24
38
48
55
60
61
53
48
51
131
233
309
333
316
270
223
215
207
209
207
196
206
214
268
349
379
356
215
84
27
23
24
25
22
28
30
28
21
9
7
3
0
0
0
0
0
0
0
0
0
0
3
5
5
6
6
5
2
0
0
0
2
24
27
28
26
18
12
11
13
17
17
18
23
29
34
34
19
0
0
0
0
0
0
0
0
0
0
0
0
0
0
0
4
5
10
14
24
27
31
39
46
44
40
108
172
243
297
289
259
232
202
200
191
188
182
188
203
216
241
258
225
179
100
31
25
21
21
26
42
39
31
12
5
3
3
0
0
4
20
40
50
65
76
98
129
121
108
92
97
136
184
217
240
288
289
289
263
256
235
225
226
241
281
312
356
372
347
304
231
158
57
10
3
3
6
7
9
10
9
7
2
0
0
0
0
0
0
0
0
0
0
1
8
14
18
18
16
12
11
8
8
15
29
39
39
33
26
25
24
23
23
21
23
21
19
27
24
28
30
23
15
16
12
8
8
9
11
15
13
7
0
0
0
0
6
9
10
36
55
72
80
79
85
86
107
121
145
170
204
220
257
277
269
243
231
232
225
221
228
227
241
273
290
310
290
220
125
26
28
25
16
7
4
0
0
0
0
0
0
0
0
0
0
0
3
5
29
43
58
56
51
43
39
43
44
61
137
189
194
158
126
110
111
113
122
112
116
128
164
188
194
164
77
16
12
12
11
13
15
18
20
23
16
3
0
0
0
0
0
0
3
9
14
25
41
72
74
70
54
44
72
115
163
253
270
254
225
199
177
167
168
171
176
179
181
203
248
273
260
202
105
24
15
15
18
22
18
26
22
17
10
0
0
0
0
0
4
9
24
34
38
50
61
91
100
97
112
127
156
223
260
326
335
310
280
244
220
221
232
249
272
297
312
327
289
211
144
63
11
11
13
9
6
4
7
7
7
6
4
0
0
0
0
0
0
3
17
31
41
56
79
100
110
115
125
136
206
241
275
311
299
281
254
224
218
218
229
245
240
266
278
305
268
199
122
27
18
17
14
14
13
9
0
0
0
0
0
0
0
0
0
8
13
20
36
47
51
60
58
55
56
62
69
116
176
233
337
377
346
291
245
224
230
240
259
269
252
259
264
258
236
200
125
44
35
29
28
33
35
39
39
24
8
2
0
1
8
12
17
24
38
46
55
64
67
63
59
57
64
74
111
175
247
323
372
355
328
306
283
272
275
263
292
324
360
375
348
283
219
142
33
15
15
13
11
10
15
12
5
0
0
0
0
0
0
0
0
6
21
36
54
59
53
42
37
33
32
58
115
164
231
288
294
278
234
198
172
167
160
171
179
193
224
256
284
250
178
99
6
4
3
3
3
7
8
7
6
4
0
0
0
0
1
5
17
31
44
56
65
71
72
97
93
92
110
147
211
265
303
301
269
232
208
194
199
214
223
248
284
328
334
299
214
132
73
17
15
22
22
18
13
9
6
5
2
0
0
0
0
0
0
0
0
3
12
26
44
45
41
36
29
31
37
64
137
226
306
295
263
213
191
166
156
166
176
189
201
237
269
288
247
193
136
40
16
14
15
21
28
32
29
24
12
8
0
0
0
0
0
0
0
0
0
0
0
0
0
0
0
0
0
0
0
0
0
0
0
0
0
0
0
0
0
0
0
0
0
0
0
0
0
0
0
0
0
0
0
0
0
0
0
0
0
0
0
0
0
0
0
0
0
0
0
0
0
0
0
0
0
0
0
0
0
0
0
0
0
0
0
0
0
0
0
0
0
0
0
0
0
0
0
0
0
0
0
0
0
0
0
0
0
0
0
0
0
0
0
0
0
0
0
0
0
0
0
0
0
0
0
0
0
0
0
0
0
0
0
0
0
0
0
0
0
0
0
0
0
0
0
0
0
0
0
0
0
0
0
0
0
0
0
0
0
0
0
0
0
0
0
0
0
0
0
0
0
0
0
0
0
0
0
0
0
0
0
0
0
0
0
0
0
0
0
0
0
0
0
0
0
0
0
0
0
0
0
0
0
0
0
0
0
0
0
0
0
0
0
0
0
0
0
0
0
0
0
0
0
0
0
0
0
0
0
0
0
0
0
0
0
0
0
0
0
0
0
0
0
0
0
0
0
0
0
0
0
0
0
0
0
